{
 "cells": [
  {
   "cell_type": "code",
   "execution_count": 1,
   "metadata": {},
   "outputs": [],
   "source": [
    "import numpy as np\n",
    "import jax.numpy as jnp\n",
    "import jax"
   ]
  },
  {
   "cell_type": "code",
   "execution_count": 27,
   "metadata": {},
   "outputs": [],
   "source": [
    "def gram_schmidt(U,B):\n",
    "    n_components=U.shape[0]\n",
    "    V=U.copy()\n",
    "    for i in range(n_components):\n",
    "        T=U[i]@B@V[:i].T/jnp.diag(U[:i]@B@U[:i].T)\n",
    "        U=U.at[i].set(U[i]-T@U[:i])\n",
    "    return U"
   ]
  },
  {
   "cell_type": "code",
   "execution_count": 28,
   "metadata": {},
   "outputs": [],
   "source": [
    "a=np.random.rand(10,10)\n",
    "b=np.eye(10)\n",
    "\n",
    "u=gram_schmidt(jnp.array(a),jnp.array(b))"
   ]
  },
  {
   "cell_type": "code",
   "execution_count": 29,
   "metadata": {},
   "outputs": [
    {
     "data": {
      "text/plain": [
       "DeviceArray([[ 4.457837  , -0.2676959 , -0.14757392, -2.9594598 ,\n",
       "               2.0682788 , -1.1376604 ,  2.3221161 ,  1.1528559 ,\n",
       "              -0.4976619 , -1.7146018 ],\n",
       "             [-0.2676959 ,  2.308596  ,  1.3742049 ,  1.6176555 ,\n",
       "              -1.1201259 ,  1.5903649 , -1.9402169 , -1.7668477 ,\n",
       "              -0.32385957,  0.25133714],\n",
       "             [-0.14757392,  1.3742049 ,  3.0210986 ,  2.3132977 ,\n",
       "              -1.7486701 ,  1.3651239 , -2.1855896 , -1.5866163 ,\n",
       "              -0.13998793,  1.2521275 ],\n",
       "             [-2.9594598 ,  1.6176555 ,  2.3132977 ,  5.6802654 ,\n",
       "              -2.593013  ,  2.4722629 , -2.248553  , -2.0960143 ,\n",
       "              -0.34737512,  1.5258942 ],\n",
       "             [ 2.0682788 , -1.1201259 , -1.7486701 , -2.593013  ,\n",
       "               2.2961714 , -1.2206926 ,  2.824521  ,  1.7672485 ,\n",
       "              -0.29234406, -1.4890107 ],\n",
       "             [-1.1376604 ,  1.5903649 ,  1.3651239 ,  2.4722629 ,\n",
       "              -1.2206926 ,  2.5876453 , -1.6933091 , -1.0225986 ,\n",
       "               0.7592112 ,  1.4248551 ],\n",
       "             [ 2.3221161 , -1.9402169 , -2.1855896 , -2.248553  ,\n",
       "               2.824521  , -1.6933091 ,  4.7962923 ,  2.955416  ,\n",
       "              -0.19730774, -2.108111  ],\n",
       "             [ 1.1528559 , -1.7668477 , -1.5866163 , -2.0960143 ,\n",
       "               1.7672485 , -1.0225986 ,  2.955416  ,  2.6249204 ,\n",
       "               0.93008375, -0.6238741 ],\n",
       "             [-0.4976619 , -0.32385957, -0.13998793, -0.34737512,\n",
       "              -0.29234406,  0.7592112 , -0.19730774,  0.93008375,\n",
       "               1.8551142 ,  1.1298249 ],\n",
       "             [-1.7146018 ,  0.25133714,  1.2521275 ,  1.5258942 ,\n",
       "              -1.4890107 ,  1.4248551 , -2.108111  , -0.6238741 ,\n",
       "               1.1298249 ,  2.1051028 ]], dtype=float32)"
      ]
     },
     "execution_count": 29,
     "metadata": {},
     "output_type": "execute_result"
    }
   ],
   "source": [
    "u.T@u"
   ]
  },
  {
   "cell_type": "code",
   "execution_count": null,
   "metadata": {},
   "outputs": [],
   "source": []
  }
 ],
 "metadata": {
  "interpreter": {
   "hash": "916dbcbb3f70747c44a77c7bcd40155683ae19c65e1c03b4aa3499c5328201f1"
  },
  "kernelspec": {
   "display_name": "Python 3.8.5 64-bit",
   "language": "python",
   "name": "python3"
  },
  "language_info": {
   "codemirror_mode": {
    "name": "ipython",
    "version": 3
   },
   "file_extension": ".py",
   "mimetype": "text/x-python",
   "name": "python",
   "nbconvert_exporter": "python",
   "pygments_lexer": "ipython3",
   "version": "3.8.10"
  },
  "orig_nbformat": 4
 },
 "nbformat": 4,
 "nbformat_minor": 2
}
